40000000000
34349361152
91510308864
42040401920
4294967296
42040401920
61544960000
34349361152
51051261952
58773123072
823851904
38039601152
67402326016
61544960000
0 
77016580096
51051261952
38039601152
56102068224
103749697536
4294967296
42040401920
61544960000
34349361152
51051261952
58773123072
823851904
38039601152
67402326016
61544960000
0 
53529022464
67402326016
42040401920
4294967296
42040401920
61544960000
34349361152
51051261952
58773123072
823851904
38039601152
67402326016
61544960000
0 
