46370963456
87697924096
80454287360
4294967296
42040401920
61544960000
34349361152
51051261952
58773123072
823851904
38039601152
67402326016
61544960000
#ID:1
77016580096
51051261952
38039601152
34349361152
77016580096
40000000000
67402326016
4294967296
42040401920
61544960000
34349361152
51051261952
58773123072
823851904
38039601152
67402326016
61544960000
#ID:2
53529022464
34349361152
56102068224
42040401920
4294967296
42040401920
61544960000
34349361152
51051261952
58773123072
823851904
38039601152
67402326016
61544960000
#ID:3